02385910428023859532249 1
044018104270440181004198 1
044018104270440181218910 1
04401810427044018150736 1
044018104270440181610736 0
044018104270440181711918 0
044018104270440181828261 1
04401810427044018186259 1
044018104270440181901380 0
044018104270440182139267 1
044018104270440182297057 0
044018104270440182404463 1
044018104270440182720456 0
044018104270440183034176 1
044018104270440183039263 0
044018104270440183116133 1
044018104270440183248887 0
044018104270440183373528 0
044018104270440183781369 1
044018104270440183817829 1
044018104270440184246115 1
04401810427044018435257 1
044018104270440184434441 0
044018104270440184600345 1
044018104270440184641991 1
044018104270440185457018 1
04401810427044018584787 1
044018104270440186133364 0
04401810427044018625805 1
044018104270440186357013 0
044018104270440186525190 1
044018104270440186594999 1
044018104270440186715690 1
044018104270440186917017 1
044018104270440186940192 0
044018104270440187098082 1
044018104270440187099119 1
044018104270440187372429 1
044018104270440187414075 1
044018104270440187534766 1
044018104270440187610598 1
044018104270440188013353 1
04401810427044018827083 1
044018104270440188405179 1
044018104270440188583331 0
04401810427044018879706 0
044018104270440188861911 1
044018104270440188970170 1
044018104270440189124110 1
044018104270440189948272 1
04401910427044019100065 0
04401910427044019100549 0
044019104270440191149373 0
044019104270440191197044 1
044019104270440191328662 1
044019104270440191359281 0
044019104270440191364268 1
044019104270440191457253 1
044019104270440191486552 0
044019104270440191505777 1
044019104270440191510764 1
044019104270440191512938 1
04401910427044019153366 1
044019104270440191587734 0
044019104270440191593858 1
044019104270440191629281 1
044019104270440191636258 0
044019104270440191671781 1
044019104270440191789161 1
044019104270440191794148 1
04401910427044019182585 1
044019104270440191849079 0
044019104270440191878378 0
04401910427044019194914 1
044019104270440192106474 1
0440191042704401921302 0
044019104270440192142934 1
04401910427044019227015 1
044019104270440192289430 1
044019104270440192414070 0
044019104270440192450530 1
044019104270440192461458 1
044019104270440192536254 0
044019104270440192572714 0
0440191042704401926552 0
044019104270440192661931 0
044019104270440192670329 0
04401910427044019284637 1
044019104270440192848580 1
044019104270440192925450 1
044019104270440192967097 1
044019104270440193053858 1
044019104270440193113592 1
044019104270440193157213 0
044019104270440193226923 0
044019104270440193280534 1
044019104270440193313783 1
044019104270440193355330 0
044019104270440193361454 0
044019104270440193396876 0
044019104270440193445684 0
044019104270440193487131 1
044019104270440193553089 0
044019104270440193582389 1
04401910427044019365621 1
044019104270440193661432 0
044019104270440193855882 1
044019104270440193976388 0
0440191042704401939937 0
044019104270440194127871 1
04401910427044019413391 1
044019104270440194172913 0
044019104270440194177999 0
044019104270440194324494 0
044019104270440194372065 1
044019104270440194401365 0
044019104270440194524685 1
044019104270440194602791 0
044019104270440194639251 0
044019104270440194639535 1
044019104270440194651599 1
0440191042704401946693 1
044019104270440194911425 1
04401910427044019492006 1
044019104270440194922635 1
044019104270440194956565 0
04401910427044019499482 1
04401910427044019506651 1
04401910427044019508450 0
044019104270440195149694 1
044019104270440195200932 1
044019104270440195303534 1
044019104270440195349884 1
044019104270440195386444 0
04401910427044019541799 0
044019104270440195423187 1
044019104270440195523333 1
04401910427044019555476 1
044019104270440195569683 1
044019104270440195592858 0
044019104270440195690373 1
044019104270440195695177 1
044019104270440195697534 1
044019104270440195739181 0
04401910427044019575629 1
044019104270440195813877 1
04401910427044019583246 0
044019104270440195927124 1
044019104270440195946632 1
044019104270440195968670 1
044019104270440195984684 0
044019104270440196092090 0
044019104270440196127414 1
044019104270440196338458 1
044019104270440196349385 1
04401910427044019637168 0
044019104270440196376412 0
044019104270440196507275 1
044019104270440196730284 1
044019104270440196763534 0
044019104270440196768338 1
0440191042704401968953 1
044019104270440196908436 0
04401910427044019693862 1
044019104270440197054078 1
044019104270440197122111 1
044019104270440197133038 0
044019104270440197138026 1
044019104270440197160164 0
044019104270440197290829 1
044019104270440197306486 0
044019104270440197339636 1
044019104270440197381282 0
044019104270440197411335 1
044019104270440197422730 1
044019104270440197453165 1
044019104270440197527678 1
044019104270440197551990 0
04401910427044019757547 1
044019104270440197599661 1
044019104270440197660433 1
044019104270440197671727 1
04401910427044019768658 1
044019104270440197694719 1
04401910427044019772422 1
044019104270440197725155 0
044019104270440197733636 1
044019104270440197808432 1
044019104270440197943717 1
044019104270440198063654 1
044019104270440198080422 0
044019104270440198163516 1
044019104270440198191777 1
044019104270440198236719 1
044019104270440198350064 1
044019104270440198355051 1
044019104270440198401685 1
044019104270440198475742 1
04401910427044019850878 1
044019104270440198511265 1
044019104270440198545551 0
044019104270440198550538 0
044019104270440198622237 0
044019104270440198666697 0
04401910427044019869928 1
044019104270440198740754 1
044019104270440198750828 1
044019104270440198760262 1
044019104270440198815550 0
044019104270440198859270 0
044019104270440198865494 0
044019104270440198899597 0
044019104270440198905621 0
04401910427044019894152 1
044019104270440198975331 1
044019104270440199064648 1
044019104270440199126456 1
044019104270440199137667 1
044019104270440199152088 0
044019104270440199292460 0
044019104270440199375738 0
044019104270440199398913 0
044019104270440199456474 1
044019104270440199543915 1
044019104270440199581968 1
044019104270440199629639 1
044019104270440199678346 0
04401910427044019968948 0
044019104270440199690311 1
04401910427044019981892 0
04401910427044019984821 1
044019104270440199935742 1
044019104270440199973794 1
044020104270440201139614 0
044020104270440201183434 0
04402010427044020126034 0
044020104270440201376647 0
044020104270440202405447 0
044020104270440202582562 0
044020104270440202587649 0
044020104270440202647284 0
044020104270440202665472 1
044020104270440202825436 1
04402010427044020290246 1
044020104270440202914470 1
04402010427044020320538 1
044020104270440203306396 1
044020104270440203312421 0
044020104270440203329755 1
044020104270440203366215 0
04402010427044020375469 0
044020104270440204100024 0
044020104270440204190377 0
04402010427044020441228 1
04402010427044020445861 1
044020104270440204501284 0
044020104270440204944448 1
044020104270440205122699 0
044020104270440205396292 1
044020104270440205437556 1
044020104270440205518476 0
04402010427044020552584 1
044020104270440205531761 1
044020104270440205674589 0
044020104270440205716037 1
044020104270440205923587 0
044020104270440206143385 1
044020104270440206315414 0
044020104270440206488578 1
044020104270440206582699 0
044020104270440206707240 0
044020104270440206885491 0
044020104270440207596025 0
044020104270440207627597 1
04402010427044020767395 1
04402010427044020823721 1
044020104270440208345491 0
044020104270440208446673 0
044020104270440208488121 0
044020104270440208515246 0
044020104270440208518556 0
04402010427044020852257 0
0440201042704402085962 1
044020104270440208737218 1
044020104270440208789692 1
04402010427044020930229 0
044020104270440209613855 0
044020104270440209699023 1
044020104270440209972432 1
044300104270443006400667 1
044407104270444076210955 1
044540104270445404063732 0
044640104270446405296141 1
044703104270447037440939 1
044801104270448018058165 1
04482810427044828102942 1
044915104270449157912882 1
044941104270449414606019 1
045036104270450362787981 1
045102104270451025065738 0
045137104270451374033094 1
045226104270452266773094 0
045323104270453232724054 1
045348104270453481602299 1
045414104270454148923955 1
